0.000000000000000000e+00
3.968253968253968034e-03
3.968253968253968034e-03
1.190476190476190410e-02
1.190476190476190410e-02
1.587301587301587213e-02
1.587301587301587213e-02
2.380952380952380820e-02
2.380952380952380820e-02
3.174603174603174427e-02
3.174603174603174427e-02
3.571428571428571230e-02
3.571428571428571230e-02
3.968253968253968034e-02
3.968253968253968034e-02
4.761904761904761640e-02
4.761904761904761640e-02
5.952380952380952051e-02
5.952380952380952051e-02
6.349206349206348854e-02
6.349206349206348854e-02
8.333333333333332871e-02
8.333333333333332871e-02
9.920634920634920084e-02
9.920634920634920084e-02
1.031746031746031689e-01
1.031746031746031689e-01
1.150793650793650730e-01
1.150793650793650730e-01
1.230158730158730090e-01
1.230158730158730090e-01
1.388888888888888951e-01
1.388888888888888951e-01
1.507936507936507853e-01
1.507936507936507853e-01
1.904761904761904656e-01
1.904761904761904656e-01
2.023809523809523836e-01
2.023809523809523836e-01
2.261904761904761918e-01
2.261904761904761918e-01
2.341269841269841279e-01
2.341269841269841279e-01
2.460317460317460181e-01
2.460317460317460181e-01
2.738095238095238360e-01
2.738095238095238360e-01
2.857142857142856984e-01
2.857142857142856984e-01
2.976190476190476164e-01
2.976190476190476164e-01
3.095238095238095344e-01
3.095238095238095344e-01
3.492063492063491870e-01
3.492063492063491870e-01
3.888888888888888951e-01
3.888888888888888951e-01
4.047619047619047672e-01
4.047619047619047672e-01
4.126984126984126755e-01
4.126984126984126755e-01
4.722222222222222099e-01
4.722222222222222099e-01
5.000000000000000000e-01
5.000000000000000000e-01
5.079365079365079083e-01
5.079365079365079083e-01
5.317460317460317443e-01
5.317460317460317443e-01
6.428571428571429047e-01
6.428571428571429047e-01
7.738095238095238360e-01
7.738095238095238360e-01
8.809523809523809312e-01
8.809523809523809312e-01
9.047619047619047672e-01
9.047619047619047672e-01
9.404761904761904656e-01
9.404761904761904656e-01
1.000000000000000000e+00
