0.000000000000000000e+00
3.968253968253968034e-03
2.380952380952380820e-02
2.380952380952380820e-02
5.952380952380952051e-02
5.952380952380952051e-02
6.349206349206348854e-02
6.349206349206348854e-02
7.936507936507936067e-02
7.936507936507936067e-02
1.587301587301587213e-01
1.587301587301587213e-01
1.825396825396825295e-01
1.825396825396825295e-01
1.865079365079365115e-01
1.865079365079365115e-01
2.380952380952380820e-01
2.380952380952380820e-01
2.420634920634920639e-01
2.420634920634920639e-01
2.539682539682539542e-01
2.539682539682539542e-01
2.658730158730158721e-01
2.658730158730158721e-01
3.015873015873015706e-01
3.015873015873015706e-01
3.095238095238095344e-01
3.095238095238095344e-01
3.412698412698412787e-01
3.412698412698412787e-01
3.611111111111111049e-01
3.611111111111111049e-01
3.849206349206349409e-01
3.849206349206349409e-01
4.047619047619047672e-01
4.047619047619047672e-01
4.285714285714285476e-01
4.285714285714285476e-01
4.801587301587301737e-01
4.801587301587301737e-01
5.436507936507936067e-01
5.436507936507936067e-01
6.071428571428570953e-01
6.071428571428570953e-01
6.230158730158730229e-01
6.230158730158730229e-01
6.309523809523809312e-01
6.309523809523809312e-01
6.388888888888888395e-01
6.388888888888888395e-01
6.428571428571429047e-01
6.428571428571429047e-01
6.865079365079365115e-01
6.865079365079365115e-01
7.023809523809523281e-01
7.023809523809523281e-01
7.460317460317460458e-01
7.460317460317460458e-01
7.539682539682539542e-01
7.539682539682539542e-01
7.738095238095238360e-01
7.738095238095238360e-01
7.976190476190476719e-01
7.976190476190476719e-01
8.095238095238095344e-01
8.095238095238095344e-01
8.412698412698412787e-01
8.412698412698412787e-01
8.492063492063491870e-01
8.492063492063491870e-01
8.849206349206348854e-01
8.849206349206348854e-01
8.968253968253968589e-01
8.968253968253968589e-01
9.246031746031746490e-01
9.246031746031746490e-01
9.682539682539682557e-01
9.682539682539682557e-01
9.722222222222222099e-01
9.722222222222222099e-01
9.761904761904761640e-01
9.761904761904761640e-01
1.000000000000000000e+00
