0.000000000000000000e+00
3.508771929824561469e-03
7.017543859649122938e-03
7.017543859649122938e-03
1.052631578947368397e-02
1.052631578947368397e-02
1.403508771929824588e-02
1.403508771929824588e-02
1.754385964912280604e-02
1.754385964912280604e-02
2.105263157894736795e-02
2.105263157894736795e-02
2.456140350877192985e-02
2.456140350877192985e-02
3.157894736842105365e-02
3.157894736842105365e-02
4.210526315789473589e-02
4.210526315789473589e-02
4.912280701754385970e-02
4.912280701754385970e-02
5.263157894736841813e-02
5.263157894736841813e-02
5.964912280701754194e-02
5.964912280701754194e-02
7.719298245614035492e-02
7.719298245614035492e-02
8.421052631578947179e-02
8.421052631578947179e-02
8.771929824561403022e-02
8.771929824561403022e-02
9.824561403508771940e-02
9.824561403508771940e-02
1.017543859649122778e-01
1.017543859649122778e-01
1.087719298245614086e-01
1.087719298245614086e-01
1.228070175438596423e-01
1.228070175438596423e-01
1.508771929824561375e-01
1.508771929824561375e-01
1.649122807017543990e-01
1.649122807017543990e-01
1.719298245614035159e-01
1.719298245614035159e-01
1.964912280701754388e-01
1.964912280701754388e-01
2.035087719298245557e-01
2.035087719298245557e-01
2.912280701754386136e-01
2.912280701754386136e-01
3.087719298245614197e-01
3.087719298245614197e-01
3.508771929824561209e-01
3.508771929824561209e-01
4.175438596491228282e-01
4.175438596491228282e-01
4.385964912280701511e-01
4.385964912280701511e-01
5.087719298245614308e-01
5.087719298245614308e-01
5.368421052631578982e-01
5.368421052631578982e-01
7.894736842105263275e-01
7.894736842105263275e-01
7.964912280701754721e-01
7.964912280701754721e-01
1.000000000000000000e+00
