0.000000000000000000e+00
3.508771929824561469e-03
7.017543859649122938e-03
7.017543859649122938e-03
1.052631578947368397e-02
1.052631578947368397e-02
1.403508771929824588e-02
1.403508771929824588e-02
2.105263157894736795e-02
2.105263157894736795e-02
2.456140350877192985e-02
2.456140350877192985e-02
2.807017543859649175e-02
2.807017543859649175e-02
3.157894736842105365e-02
3.157894736842105365e-02
4.561403508771930126e-02
4.561403508771930126e-02
6.315789473684210731e-02
6.315789473684210731e-02
6.666666666666666574e-02
6.666666666666666574e-02
7.017543859649122417e-02
7.017543859649122417e-02
7.719298245614035492e-02
7.719298245614035492e-02
8.070175438596491335e-02
8.070175438596491335e-02
1.087719298245614086e-01
1.087719298245614086e-01
1.122807017543859670e-01
1.122807017543859670e-01
1.157894736842105254e-01
1.157894736842105254e-01
1.192982456140350839e-01
1.192982456140350839e-01
1.228070175438596423e-01
1.228070175438596423e-01
1.263157894736842146e-01
1.263157894736842146e-01
1.438596491228070207e-01
1.438596491228070207e-01
1.508771929824561375e-01
1.508771929824561375e-01
1.543859649122807098e-01
1.543859649122807098e-01
1.614035087719298267e-01
1.614035087719298267e-01
1.929824561403508665e-01
1.929824561403508665e-01
2.666666666666666630e-01
2.666666666666666630e-01
3.017543859649122751e-01
3.017543859649122751e-01
3.087719298245614197e-01
3.087719298245614197e-01
3.263157894736842257e-01
3.263157894736842257e-01
3.333333333333333148e-01
3.333333333333333148e-01
3.403508771929824595e-01
3.403508771929824595e-01
3.789473684210526438e-01
3.789473684210526438e-01
4.140350877192982559e-01
4.140350877192982559e-01
5.087719298245614308e-01
5.087719298245614308e-01
5.508771929824561875e-01
5.508771929824561875e-01
5.543859649122806488e-01
5.543859649122806488e-01
5.999999999999999778e-01
5.999999999999999778e-01
6.140350877192982670e-01
6.140350877192982670e-01
6.456140350877193068e-01
6.456140350877193068e-01
7.192982456140351033e-01
7.192982456140351033e-01
7.228070175438596756e-01
7.228070175438596756e-01
8.561403508771929793e-01
8.561403508771929793e-01
8.982456140350877360e-01
8.982456140350877360e-01
1.000000000000000000e+00
