0.000000000000000000e+00
0.000000000000000000e+00
3.968253968253968034e-03
3.968253968253968034e-03
7.936507936507936067e-03
7.936507936507936067e-03
1.984126984126984017e-02
1.984126984126984017e-02
4.761904761904761640e-02
4.761904761904761640e-02
5.158730158730158444e-02
5.158730158730158444e-02
5.555555555555555247e-02
5.555555555555555247e-02
5.952380952380952051e-02
5.952380952380952051e-02
7.142857142857142461e-02
7.142857142857142461e-02
7.936507936507936067e-02
7.936507936507936067e-02
8.333333333333332871e-02
8.333333333333332871e-02
9.523809523809523281e-02
9.523809523809523281e-02
1.071428571428571369e-01
1.071428571428571369e-01
1.230158730158730090e-01
1.230158730158730090e-01
1.269841269841269771e-01
1.269841269841269771e-01
1.468253968253968311e-01
1.468253968253968311e-01
1.547619047619047672e-01
1.547619047619047672e-01
1.626984126984127033e-01
1.626984126984127033e-01
1.785714285714285754e-01
1.785714285714285754e-01
2.261904761904761918e-01
2.261904761904761918e-01
2.380952380952380820e-01
2.380952380952380820e-01
3.015873015873015706e-01
3.015873015873015706e-01
3.492063492063491870e-01
3.492063492063491870e-01
3.531746031746031966e-01
3.531746031746031966e-01
3.611111111111111049e-01
3.611111111111111049e-01
3.650793650793650591e-01
3.650793650793650591e-01
3.769841269841269771e-01
3.769841269841269771e-01
3.928571428571428492e-01
3.928571428571428492e-01
4.365079365079365115e-01
4.365079365079365115e-01
4.682539682539682557e-01
4.682539682539682557e-01
5.515873015873016261e-01
5.515873015873016261e-01
7.380952380952381375e-01
7.380952380952381375e-01
7.619047619047618625e-01
7.619047619047618625e-01
8.452380952380952328e-01
8.452380952380952328e-01
1.000000000000000000e+00
