3.198866918683052063e-02
6.645371913909912109e-01
6.234608292579650879e-01
6.412930786609649658e-02
9.540080428123474121e-01
4.501549899578094482e-01
3.547313064336776733e-02
3.572977334260940552e-02
2.046455591917037964e-01
3.081371821463108063e-02
8.302090167999267578e-01
4.041540622711181641e-01
8.452616930007934570e-01
9.563309550285339355e-01
4.386232793331146240e-01
4.470089673995971680e-01
2.699047699570655823e-02
6.623191237449645996e-01
7.809633761644363403e-02
3.448285162448883057e-02
4.401659071445465088e-01
9.591053724288940430e-01
3.402663767337799072e-02
2.286437898874282837e-01
2.616140060126781464e-02
2.679798007011413574e-01
8.781738281250000000e-01
5.565255880355834961e-02
2.759722173213958740e-01
2.405222505331039429e-02
4.706265330314636230e-01
8.167943358421325684e-01
6.989778280258178711e-01
4.638890922069549561e-02
9.027860164642333984e-01
1.483701616525650024e-01
8.855564594268798828e-01
3.445448353886604309e-02
2.862194925546646118e-02
9.117786288261413574e-01
9.353573918342590332e-01
8.627201914787292480e-01
3.621311485767364502e-02
9.382185339927673340e-01
4.642761647701263428e-01
9.581385552883148193e-02
3.207278996706008911e-02
1.844980716705322266e-01
2.589409053325653076e-02
1.158920824527740479e-01
9.679250717163085938e-01
9.715862870216369629e-01
8.870128393173217773e-01
4.025957286357879639e-01
7.745134234428405762e-01
3.424164280295372009e-02
1.065192893147468567e-01
8.567709922790527344e-01
4.596216976642608643e-02
3.131178021430969238e-01
6.380385756492614746e-01
9.180369973182678223e-01
3.079981803894042969e-01
3.099889867007732391e-02
3.249586746096611023e-02
8.127627372741699219e-01
2.785181254148483276e-02
3.446483612060546875e-02
7.929779887199401855e-01
3.228272497653961182e-02
1.333638131618499756e-01
5.435935854911804199e-01
3.399096801877021790e-02
2.861825004220008850e-02
2.668037079274654388e-02
4.596477001905441284e-02
8.545483350753784180e-01
1.058698147535324097e-01
9.675205349922180176e-01
8.191550374031066895e-01
9.420717358589172363e-01
3.055983409285545349e-02
4.112929478287696838e-02
7.231007218360900879e-01
4.134468361735343933e-02
8.653082251548767090e-01
9.569306373596191406e-01
2.866573072969913483e-02
2.516303658485412598e-01
8.733567595481872559e-01
3.352035209536552429e-02
5.741560459136962891e-02
9.710753560066223145e-01
8.369813561439514160e-01
5.010885372757911682e-02
9.410836696624755859e-01
4.799742698669433594e-01
5.812449455261230469e-01
2.961246669292449951e-01
9.477683901786804199e-01
7.778657078742980957e-01
1.033920869231224060e-01
9.676103591918945312e-01
2.143680900335311890e-01
9.631451368331909180e-01
4.062838107347488403e-02
7.076873779296875000e-01
9.570564031600952148e-01
4.032965898513793945e-01
1.660298705101013184e-01
7.543095946311950684e-02
1.826783716678619385e-01
4.750056937336921692e-02
9.638716578483581543e-01
2.872881107032299042e-02
8.695399761199951172e-01
2.781138569116592407e-02
8.022729158401489258e-01
5.542848259210586548e-02
5.715628862380981445e-01
2.708995528519153595e-02
7.904147505760192871e-01
9.517632424831390381e-02
3.327050432562828064e-02
7.737305760383605957e-01
6.448338925838470459e-02
9.614492058753967285e-01
6.470609903335571289e-01
8.939549922943115234e-01
2.293234318494796753e-02
9.462091922760009766e-01
9.689843654632568359e-01
2.678020484745502472e-02
9.705668091773986816e-01
1.940510571002960205e-01
3.115206025540828705e-02
4.293419048190116882e-02
5.149311199784278870e-02
7.493482232093811035e-01
9.843631386756896973e-01
9.163685441017150879e-01
9.552132487297058105e-01
3.132340312004089355e-02
8.956258296966552734e-01
9.709081053733825684e-01
3.150996565818786621e-02
2.698729559779167175e-02
3.687360510230064392e-02
6.788240671157836914e-01
5.464450642466545105e-02
3.296536579728126526e-02
3.065025247633457184e-02
2.107853740453720093e-01
3.851273953914642334e-01
5.342260003089904785e-01
3.063778951764106750e-02
5.745233893394470215e-01
2.155790850520133972e-02
9.438372850418090820e-01
9.042934179306030273e-01
9.665207862854003906e-01
3.068964369595050812e-02
3.056917339563369751e-02
2.997021935880184174e-02
9.479289054870605469e-01
4.756688475608825684e-01
9.754311293363571167e-02
3.996597230434417725e-01
3.557999059557914734e-02
6.421595811843872070e-01
8.462995886802673340e-01
3.252438455820083618e-02
7.344418168067932129e-01
3.003626689314842224e-02
9.654658287763595581e-02
8.652421832084655762e-01
1.022098883986473083e-01
8.461073637008666992e-01
9.691851735115051270e-01
9.691919088363647461e-01
9.584261775016784668e-01
5.098131895065307617e-01
8.709565997123718262e-01
9.619096517562866211e-01
1.094517856836318970e-01
9.162612557411193848e-01
3.489253818988800049e-01
9.235976338386535645e-01
2.059822976589202881e-01
9.630345702171325684e-01
2.298718541860580444e-01
9.678429961204528809e-01
9.340604543685913086e-01
1.006114184856414795e-01
3.204870969057083130e-02
2.622217833995819092e-01
3.598581254482269287e-01
2.872776985168457031e-02
8.834969997406005859e-01
9.729789495468139648e-01
6.976122409105300903e-02
5.289692804217338562e-02
3.403317555785179138e-02
4.160174727439880371e-01
5.709515810012817383e-01
2.652436122298240662e-02
1.877336055040359497e-01
3.543920814990997314e-02
2.481853216886520386e-02
1.187530979514122009e-01
9.171579480171203613e-01
2.923249825835227966e-02
9.519979357719421387e-01
3.336663171648979187e-02
3.780772909522056580e-02
9.737078547477722168e-01
9.865743517875671387e-01
2.628739923238754272e-02
9.705971479415893555e-01
5.589328408241271973e-01
9.631818532943725586e-01
3.086565434932708740e-02
9.606049060821533203e-01
2.476095035672187805e-02
3.426849469542503357e-02
8.693119287490844727e-01
5.973266959190368652e-01
3.506009653210639954e-02
2.730382420122623444e-02
5.650390982627868652e-01
7.895897030830383301e-01
8.269010186195373535e-01
7.237540483474731445e-01
9.699429869651794434e-01
3.597397729754447937e-02
9.329068660736083984e-01
2.996078692376613617e-02
3.475237637758255005e-02
9.397929906845092773e-01
2.798086404800415039e-02
6.027761846780776978e-02
8.711328506469726562e-01
1.079246252775192261e-01
3.373472020030021667e-02
8.071162104606628418e-01
7.432326078414916992e-01
3.363926336169242859e-02
4.631739556789398193e-01
8.950308561325073242e-01
7.427294254302978516e-01
9.776492714881896973e-01
4.949251115322113037e-01
5.844306349754333496e-01
4.294033348560333252e-01
8.593087196350097656e-01
8.025258779525756836e-01
5.366491675376892090e-01
9.559664130210876465e-01
6.018992513418197632e-02
7.808742672204971313e-02
2.781921438872814178e-02
8.926172256469726562e-01
3.954502046108245850e-01
3.330472111701965332e-02
3.137009590864181519e-02
9.651613235473632812e-01
2.809960953891277313e-02
7.301735877990722656e-01
9.738833904266357422e-01
7.492867708206176758e-01
9.588964283466339111e-02
9.337188005447387695e-01
5.423106253147125244e-02
9.633839726448059082e-01
2.041228860616683960e-01
9.558252096176147461e-01
4.199632257223129272e-02
2.869054116308689117e-02
6.911444067955017090e-01
3.311746194958686829e-02
8.474408984184265137e-01
6.146749258041381836e-01
7.004208117723464966e-02
3.306048214435577393e-01
1.147419363260269165e-01
3.089336678385734558e-02
4.654572308063507080e-01
4.606697857379913330e-01
7.716787457466125488e-01
3.279623389244079590e-01
8.789904117584228516e-01
2.553988993167877197e-02
9.800628423690795898e-01
9.681462645530700684e-01
2.488136850297451019e-02
9.034003615379333496e-01
2.510148286819458008e-01
7.669338583946228027e-02
3.023784980177879333e-02
9.136710166931152344e-01
2.683477476239204407e-02
3.926051557064056396e-01
8.227857351303100586e-01
6.158114671707153320e-01
9.334302544593811035e-01
2.790306694805622101e-02
5.947244167327880859e-01
3.277090936899185181e-02
6.617468595504760742e-01
9.721809029579162598e-01
8.303434848785400391e-01
6.382182240486145020e-02
2.690434157848358154e-01
3.298497572541236877e-02
3.665891289710998535e-02
6.690608263015747070e-01
5.687989592552185059e-01
3.954817354679107666e-01
6.130040884017944336e-01
2.987835742533206940e-02
3.221320733428001404e-02
9.331446886062622070e-01
7.219847440719604492e-01
8.946812152862548828e-01
2.575423009693622589e-02
2.565887272357940674e-01
1.107477247714996338e-01
5.497174263000488281e-01
6.170135736465454102e-01
9.740992784500122070e-01
4.961746931076049805e-02
9.392256140708923340e-01
5.894854068756103516e-01
6.556149721145629883e-01
3.310584276914596558e-02
6.513459682464599609e-01
9.684676527976989746e-01
6.608910560607910156e-01
6.866136938333511353e-02
7.130805850028991699e-01
