5.058791022747755051e-03
5.752223543822765350e-03
9.999089241027832031e-01
1.167446025647222996e-03
8.165153861045837402e-01
9.992940425872802734e-01
9.971538782119750977e-01
6.341758370399475098e-02
7.870694249868392944e-02
2.120971112162806094e-05
5.174465477466583252e-04
2.597547136247158051e-02
1.911525726318359375e-01
6.710318848490715027e-04
8.299883604049682617e-01
6.693465547868981957e-05
1.725345849990844727e-03
1.210873248055577278e-03
7.797164289513602853e-05
3.783247084356844425e-04
1.105462107807397842e-02
5.987884833302814513e-06
1.197097972035408020e-01
1.245652209036052227e-03
5.198127031326293945e-01
9.544055792503058910e-04
9.145891293883323669e-03
7.134859333746135235e-04
1.118684594985097647e-04
9.728067088872194290e-04
4.551620408892631531e-02
6.025853753089904785e-02
1.541136484593153000e-02
1.236012205481529236e-03
1.571387110743671656e-04
5.755890160799026489e-03
1.022825599648058414e-03
1.198362326249480247e-03
8.383707609027624130e-06
5.221053143031895161e-04
8.568324148654937744e-02
1.051586732501164079e-04
7.156504580052569509e-05
5.938614485785365105e-04
9.606136154616251588e-05
9.912843704223632812e-01
2.449221210554242134e-04
6.657384801656007767e-05
6.557856202125549316e-01
1.085349707864224911e-03
6.677024066448211670e-05
1.329769496805965900e-03
3.913680557161569595e-03
5.702753696823492646e-05
4.071838259696960449e-01
4.818392917513847351e-02
5.639271736145019531e-01
9.952154159545898438e-01
1.086622243747115135e-03
9.498309493064880371e-01
1.357044675387442112e-03
6.822765469551086426e-01
1.705180970020592213e-03
7.446136474609375000e-01
3.073765896260738373e-02
2.487925887107849121e-01
1.898092523333616555e-05
5.497909151017665863e-04
4.910779893398284912e-01
3.830400109291076660e-01
1.627246732823550701e-03
1.590983738424256444e-04
1.581249758601188660e-02
1.791090617189183831e-04
2.847806317731738091e-04
8.266233205795288086e-01
7.948603015393018723e-04
2.681059530004858971e-03
9.417557120323181152e-01
8.645308613777160645e-01
9.258170723915100098e-01
8.049359917640686035e-01
3.453139662742614746e-01
8.576551079750061035e-01
5.655891299247741699e-01
2.887377049773931503e-04
7.996679050847887993e-04
2.125255414284765720e-04
3.180437779519706964e-04
5.662219598889350891e-02
1.497561461292207241e-03
9.931051731109619141e-02
1.261064875870943069e-02
3.092164697591215372e-04
3.550916211679577827e-03
9.989292025566101074e-01
7.278866833075881004e-04
1.665733605623245239e-01
2.759357739705592394e-04
9.406167268753051758e-01
9.629645501263439655e-04
4.454181995242834091e-03
9.446351759834215045e-05
9.387893080711364746e-01
5.862621217966079712e-02
2.975368872284889221e-03
1.331324339844286442e-03
8.997215772978961468e-04
2.783580202958546579e-05
9.706781129352748394e-04
5.206924080848693848e-01
3.490708477329462767e-04
5.672644376754760742e-01
7.207068149000406265e-03
1.544696715427562594e-04
6.718634627759456635e-03
7.995005249977111816e-01
3.629671782255172729e-02
1.121137538575567305e-04
1.382916606962680817e-02
1.876591821201145649e-03
1.292011816985905170e-03
9.840066730976104736e-02
9.710151061881333590e-05
8.967369049787521362e-02
3.849955464829690754e-05
2.099223434925079346e-03
4.404200590215623379e-04
2.231745020253583789e-05
9.911459088325500488e-01
9.459626674652099609e-01
1.264731958508491516e-02
3.017345443367958069e-05
1.047533296514302492e-04
9.976395368576049805e-01
1.546028722077608109e-02
1.416767481714487076e-03
2.880985150113701820e-03
4.256555438041687012e-01
2.027207612991333008e-01
2.441846067085862160e-03
5.597166419029235840e-01
5.621301243081688881e-04
2.087439206661656499e-04
5.741983652114868164e-01
1.051740182447247207e-04
9.473426342010498047e-01
2.855663842638023198e-05
7.641521096229553223e-01
3.658758578239940107e-05
3.290665522217750549e-02
3.452949523925781250e-01
4.018032178282737732e-02
1.746883266605436802e-03
4.118431534152477980e-04
4.616579972207546234e-04
1.091985031962394714e-03
2.677290737628936768e-01
6.285679992288351059e-03
8.113851398229598999e-02
9.953698515892028809e-01
2.788860164582729340e-02
1.661246060393750668e-04
2.407622188329696655e-01
5.874538049101829529e-02
5.081049352884292603e-02
1.124194264411926270e-02
4.468176630325615406e-04
2.332501411437988281e-01
8.412668108940124512e-01
3.249065950512886047e-03
9.999166727066040039e-01
9.904680848121643066e-01
1.151810437440872192e-01
7.924993038177490234e-01
1.118738278746604919e-01
8.695931319380179048e-05
9.797375241760164499e-06
4.372256225906312466e-04
7.372031807899475098e-01
1.838620373746380210e-04
7.643011485924944282e-05
1.779236481525003910e-03
7.909036867204122245e-06
4.031562432646751404e-02
6.741631659679114819e-04
2.151577500626444817e-03
8.257190585136413574e-01
9.936708956956863403e-03
1.877010799944400787e-03
4.610003379639238119e-04
1.046443067025393248e-04
2.040484454482793808e-03
7.770840966259129345e-06
6.381686776876449585e-02
2.059334423393011093e-03
5.774190649390220642e-03
1.024998437060276046e-05
9.252665564417839050e-03
3.718558582477271557e-04
7.822840660810470581e-02
2.135536866262555122e-03
8.178722113370895386e-03
9.868905544281005859e-01
9.188288822770118713e-04
4.728102358058094978e-04
8.739214390516281128e-03
1.382610662403749302e-05
5.201194435358047485e-03
1.657018214464187622e-01
4.012276258436031640e-05
1.350635779090225697e-03
9.019123911857604980e-01
1.180826875497587025e-04
3.237085766158998013e-04
9.993931055068969727e-01
5.748333036899566650e-02
2.148618921637535095e-03
3.225896216463297606e-04
2.190935338148847222e-04
1.819518953561782837e-02
6.687288987450301647e-05
9.999898672103881836e-01
4.482298195362091064e-01
3.307910636067390442e-02
9.069801568984985352e-01
3.921447992324829102e-01
1.358855888247489929e-02
1.051560611813329160e-04
2.522249706089496613e-04
3.667670825961977243e-04
1.829222142696380615e-01
2.499748079571872950e-04
2.917160093784332275e-02
1.082662120461463928e-02
1.081925481557846069e-01
3.671055892482399940e-03
3.207030892372131348e-02
3.800715552642941475e-03
4.238453805446624756e-01
2.253430429846048355e-04
5.872566699981689453e-01
1.166644692420959473e-02
9.780083298683166504e-01
9.304437553510069847e-04
1.776611953973770142e-01
8.482028841972351074e-01
1.137675903737545013e-02
1.737218553898856044e-05
8.474216156173497438e-05
4.185653626918792725e-01
9.774858951568603516e-01
8.582852780818939209e-02
4.673872608691453934e-04
2.537229564040899277e-03
8.437671512365341187e-02
5.522624269360676408e-05
2.788632118608802557e-04
2.057631172647234052e-05
6.209693383425474167e-03
4.111642241477966309e-01
1.461728196591138840e-02
9.286195563618093729e-05
9.968301653861999512e-01
2.414143877103924751e-03
9.574782848358154297e-01
3.787596477195620537e-03
1.850040571298450232e-04
4.344223998486995697e-05
7.813440263271331787e-02
7.157590985298156738e-01
5.826886296272277832e-01
9.937373399734497070e-01
9.984259605407714844e-01
4.086134140379726887e-04
5.545243038795888424e-04
1.426768176315817982e-05
3.138075349852442741e-03
9.489958286285400391e-01
9.552822113037109375e-01
1.791784316301345825e-01
7.427926757372915745e-04
8.116196990013122559e-01
3.272913768887519836e-02
1.033334899693727493e-02
1.412423998117446899e-01
5.209344672039151192e-04
5.709669087082147598e-03
2.070917636156082153e-01
4.702687636017799377e-02
9.532756521366536617e-04
2.487072721123695374e-02
9.991264939308166504e-01
2.752036750316619873e-01
9.540584087371826172e-01
5.671513266861438751e-03
1.114619197323918343e-03
1.926868455484509468e-03
8.439059257507324219e-01
2.238297909498214722e-01
