0.000000000000000000e+00
0.000000000000000000e+00
0.000000000000000000e+00
1.052631578947368397e-02
1.052631578947368397e-02
1.403508771929824588e-02
1.403508771929824588e-02
1.754385964912280604e-02
1.754385964912280604e-02
2.105263157894736795e-02
2.105263157894736795e-02
3.859649122807017746e-02
3.859649122807017746e-02
5.614035087719298350e-02
5.614035087719298350e-02
5.964912280701754194e-02
5.964912280701754194e-02
7.719298245614035492e-02
7.719298245614035492e-02
8.070175438596491335e-02
8.070175438596491335e-02
9.473684210526316096e-02
9.473684210526316096e-02
9.824561403508771940e-02
9.824561403508771940e-02
1.508771929824561375e-01
1.508771929824561375e-01
1.578947368421052544e-01
1.578947368421052544e-01
1.789473684210526327e-01
1.789473684210526327e-01
1.929824561403508665e-01
1.929824561403508665e-01
2.000000000000000111e-01
2.000000000000000111e-01
2.105263157894736725e-01
2.105263157894736725e-01
2.315789473684210509e-01
2.315789473684210509e-01
2.701754385964912353e-01
2.701754385964912353e-01
2.736842105263158076e-01
2.736842105263158076e-01
2.842105263157894690e-01
2.842105263157894690e-01
3.087719298245614197e-01
3.087719298245614197e-01
3.438596491228070318e-01
3.438596491228070318e-01
3.649122807017544101e-01
3.649122807017544101e-01
3.754385964912280715e-01
3.754385964912280715e-01
4.070175438596491113e-01
4.070175438596491113e-01
5.087719298245614308e-01
5.087719298245614308e-01
5.859649122807017996e-01
5.859649122807017996e-01
5.929824561403508332e-01
5.929824561403508332e-01
7.087719298245613864e-01
7.087719298245613864e-01
7.929824561403508998e-01
7.929824561403508998e-01
8.105263157894736503e-01
8.105263157894736503e-01
8.140350877192982226e-01
8.140350877192982226e-01
8.947368421052631637e-01
8.947368421052631637e-01
9.543859649122806710e-01
9.543859649122806710e-01
9.649122807017543879e-01
9.649122807017543879e-01
9.789473684210526772e-01
9.789473684210526772e-01
1.000000000000000000e+00
